Fit: L = a * N^(-alpha) + c
a = 59.798
alpha = 0.376418
c = 0.931938
rmse = 0.010562
