Fit (弮P): L = a * N^(-alpha) + c
a = 5.36404
alpha = 0.238065
c = 0.958133
rmse = 0.007015
